19

0.97950688 1.15922917 1.18876647 1.18507206 1.08245244 0.99029177 1.01812786 1.10324572 0.92619317 1.01583294 1.01254384 0.91766428 0.98558567 1.06730774 1.19407946 1.13410492 1.06783457 0.97940972
1.21383220 1.11942266 1.10453584 1.13003418 1.04691213 1.16835799 1.20611595 0.97674742 1.13335457 1.06524921 1.03403517 1.12747793 1.17684563 1.17870562 1.10295754 1.05373159 1.08168357
1.26662501 1.25776732 1.16357930 1.24569286 1.17510519 1.18739546 1.10268457 1.18727551 1.15537941 1.18337784 1.27737763 1.25160674 1.27599483 1.22450350 1.18089295 1.10842007
0.72100709 1.27247713 1.18196820 1.30186946 1.27954340 1.16011146 1.17630405 1.20245159 1.10735623 1.33092452 1.34072162 1.11211290 0.64403559 0.97028799 1.18123033
1.22870820 1.15585814 1.32920834 1.28953610 1.13243535 1.20349142 1.23182167 1.14540860 1.30395310 1.30662004 1.13063787 0.77523434 1.00382352 1.23762984
1.09823262 1.24087016 1.21642771 1.09882597 1.17264497 1.09397434 1.10501693 1.09925500 1.16362321 1.27676210 1.22800010 1.22495761 1.10907744
1.15843743 1.18289380 1.06781217 1.09646179 1.12247292 1.12447949 1.06382593 1.11775974 1.26027987 1.15832952 1.14472685 1.16407287
1.19570488 1.05124303 1.18292102 1.17890256 1.15006352 1.16972062 1.19901951 1.25485675 1.25727723 1.18886277 1.04876874
1.13875355 1.18629248 1.14713244 1.12613868 1.19890775 1.24072979 1.27803512 1.24319382 1.18754724 1.06379234
1.06803054 1.06931590 1.01530576 1.10925703 1.15839137 1.20594750 1.10852560 1.07818540 1.02491314
1.08515555 1.11258862 1.13122520 1.13696005 1.22357861 1.15430866 1.11751295 1.15517057
1.05271640 1.09070281 1.18532745 1.21680640 1.17149428 1.13000814 1.06896816
1.11203375 1.15145606 1.19881857 1.09135714 1.07482428 1.05952105
0.76432830 1.29096935 1.28068125 1.25856034 1.15408453
1.28882508 1.29870480 1.25807008 1.20823723
1.04379191 0.92068364 1.20292315
0.86624916 1.09594024
1.06706280
